GTA = tensor([    2718199,    15321782,    15799033,    32522117,    40463971,
           67288808,   181828023,   184638969,   317481282,   531401266,
          564950248,   925367586,  1074861777,  1259269812,  3810296251,
         4155428633,  6784666433,  8478285320, 16099193283])

         gta= [16099193283,4155428633,  8478285320,   925367586,   317481282,   531401266, 67288808,40463971,3810296251,1074861777,6784666433,
         181828023,15321782,1259269812,564950248,184638969,32522117,15799033,2718199]



Syn = tensor([   3560107,    9260697,   18930213,   20059346,   24498071,  
             24622303,      42905829,   94956481,  139689194,  371159980, 
             388225700,  626393683,     942663593, 1687064972, 1765845929,
              2678738694])

Syn = [  1687064972,1765845929,2678738694,24622303,24498071,94956481,3560107,9260697,942663593,0,626393683,388225700,42905829,
         371159980,0,139689194,0,18930213,20059346]      